-0.42 -0.91 -2.00
-0.40 -0.92 -1.98
-0.38 -0.93 -1.96
-0.36 -0.93 -1.94
-0.34 -0.94 -1.92
-0.32 -0.95 -1.90
-0.30 -0.95 -1.88
-0.29 -0.96 -1.86
-0.27 -0.96 -1.84
-0.25 -0.97 -1.82
-0.23 -0.97 -1.80
-0.21 -0.98 -1.78
-0.19 -0.98 -1.76
-0.17 -0.99 -1.74
-0.15 -0.99 -1.72
-0.13 -0.99 -1.70
-0.11 -0.99 -1.68
-0.09 -1.00 -1.66
-0.07 -1.00 -1.64
-0.05 -1.00 -1.62
-0.03 -1.00 -1.60
-0.01 -1.00 -1.58
0.01 -1.00 -1.56
0.03 -1.00 -1.54
0.05 -1.00 -1.52
0.07 -1.00 -1.50
0.09 -1.00 -1.48
0.11 -0.99 -1.46
0.13 -0.99 -1.44
0.15 -0.99 -1.42
0.17 -0.99 -1.40
0.19 -0.98 -1.38
0.21 -0.98 -1.36
0.23 -0.97 -1.34
0.25 -0.97 -1.32
0.27 -0.96 -1.30
0.29 -0.96 -1.28
0.31 -0.95 -1.26
0.32 -0.95 -1.24
0.34 -0.94 -1.22
0.36 -0.93 -1.20
0.38 -0.92 -1.18
0.40 -0.92 -1.16
0.42 -0.91 -1.14
0.44 -0.90 -1.12
0.45 -0.89 -1.10
0.47 -0.88 -1.08
0.49 -0.87 -1.06
0.51 -0.86 -1.04
0.52 -0.85 -1.02
0.54 -0.84 -1.00
0.56 -0.83 -0.98
0.57 -0.82 -0.96
0.59 -0.81 -0.94
0.61 -0.80 -0.92
0.62 -0.78 -0.90
0.64 -0.77 -0.88
0.65 -0.76 -0.86
0.67 -0.74 -0.84
0.68 -0.73 -0.82
0.70 -0.72 -0.80
0.71 -0.70 -0.78
0.72 -0.69 -0.76
0.74 -0.67 -0.74
0.75 -0.66 -0.72
0.76 -0.64 -0.70
0.78 -0.63 -0.68
0.79 -0.61 -0.66
0.80 -0.60 -0.64
0.81 -0.58 -0.62
0.83 -0.56 -0.60
0.84 -0.55 -0.58
0.85 -0.53 -0.56
0.86 -0.51 -0.54
0.87 -0.50 -0.52
0.88 -0.48 -0.50
0.89 -0.46 -0.48
0.90 -0.44 -0.46
0.90 -0.43 -0.44
0.91 -0.41 -0.42
0.92 -0.39 -0.40
0.93 -0.37 -0.38
0.94 -0.35 -0.36
0.94 -0.33 -0.34
0.95 -0.31 -0.32
0.96 -0.30 -0.30
0.96 -0.28 -0.28
0.97 -0.26 -0.26
0.97 -0.24 -0.24
0.98 -0.22 -0.22
0.98 -0.20 -0.20
0.98 -0.18 -0.18
0.99 -0.16 -0.16
0.99 -0.14 -0.14
0.99 -0.12 -0.12
1.00 -0.10 -0.10
1.00 -0.08 -0.08
1.00 -0.06 -0.06
1.00 -0.04 -0.04
1.00 -0.02 -0.02
1.00 0.00 0.00
1.00 0.02 0.02
1.00 0.04 0.04
1.00 0.06 0.06
1.00 0.08 0.08
1.00 0.10 0.10
0.99 0.12 0.12
0.99 0.14 0.14
0.99 0.16 0.16
0.98 0.18 0.18
0.98 0.20 0.20
0.98 0.22 0.22
0.97 0.24 0.24
0.97 0.26 0.26
0.96 0.28 0.28
0.96 0.30 0.30
0.95 0.31 0.32
0.94 0.33 0.34
0.94 0.35 0.36
0.93 0.37 0.38
0.92 0.39 0.40
0.91 0.41 0.42
0.90 0.43 0.44
0.90 0.44 0.46
0.89 0.46 0.48
0.88 0.48 0.50
0.87 0.50 0.52
0.86 0.51 0.54
0.85 0.53 0.56
0.84 0.55 0.58
0.83 0.56 0.60
0.81 0.58 0.62
0.80 0.60 0.64
0.79 0.61 0.66
0.78 0.63 0.68
0.76 0.64 0.70
0.75 0.66 0.72
0.74 0.67 0.74
0.72 0.69 0.76
0.71 0.70 0.78
0.70 0.72 0.80
0.68 0.73 0.82
0.67 0.74 0.84
0.65 0.76 0.86
0.64 0.77 0.88
0.62 0.78 0.90
0.61 0.80 0.92
0.59 0.81 0.94
0.57 0.82 0.96
0.56 0.83 0.98
0.54 0.84 1.00
0.52 0.85 1.02
0.51 0.86 1.04
0.49 0.87 1.06
0.47 0.88 1.08
0.45 0.89 1.10
0.44 0.90 1.12
0.42 0.91 1.14
0.40 0.92 1.16
0.38 0.92 1.18
0.36 0.93 1.20
0.34 0.94 1.22
0.32 0.95 1.24
0.31 0.95 1.26
0.29 0.96 1.28
0.27 0.96 1.30
0.25 0.97 1.32
0.23 0.97 1.34
0.21 0.98 1.36
0.19 0.98 1.38
0.17 0.99 1.40
0.15 0.99 1.42
0.13 0.99 1.44
0.11 0.99 1.46
0.09 1.00 1.48
0.07 1.00 1.50
0.05 1.00 1.52
0.03 1.00 1.54
0.01 1.00 1.56
-0.01 1.00 1.58
-0.03 1.00 1.60
-0.05 1.00 1.62
-0.07 1.00 1.64
-0.09 1.00 1.66
-0.11 0.99 1.68
-0.13 0.99 1.70
-0.15 0.99 1.72
-0.17 0.99 1.74
-0.19 0.98 1.76
-0.21 0.98 1.78
-0.23 0.97 1.80
-0.25 0.97 1.82
-0.27 0.96 1.84
-0.29 0.96 1.86
-0.30 0.95 1.88
-0.32 0.95 1.90
-0.34 0.94 1.92
-0.36 0.93 1.94
-0.38 0.93 1.96
-0.40 0.92 1.98
